.Random.seed <-
c(403L, 11L, -1496492869L, 1911263370L, 282719084L, 737851631L, 
-568175835L, 1710218716L, -133002318L, -1395658067L, -1075410329L, 
-1614816882L, -177394072L, 1730787947L, -805792759L, 1442892440L, 
195243462L, -1681756895L, 298188211L, 657160482L, -1738820844L, 
-1249858665L, -1242188915L, -502976860L, 1715044490L, -318707979L, 
1395906895L, 1868682838L, -1681904384L, 1665726531L, -654369823L, 
-1203027120L, 2139125166L, -1286988967L, 86004075L, -376399654L, 
1005932956L, -1155383905L, 660336629L, 1167531660L, -2133099678L, 
2003931965L, -997760073L, -941496226L, 562169240L, 1820897531L, 
-1392268135L, 1444900136L, 749378518L, 1992319057L, -1211591933L, 
-844848494L, 751800356L, -1211629849L, 300667709L, 174730164L, 
1492965402L, 870493029L, -990415361L, 774551686L, 52126736L, 
478041779L, -1867037359L, -1338630912L, -169924642L, -776281047L, 
-1257438245L, -1739319062L, 1923135116L, 413592015L, 505044357L, 
620807740L, 806914834L, -1903777779L, 1800411975L, -606678738L, 
-1582933880L, -34079349L, 858785129L, 2147116856L, -2123437594L, 
183651713L, 479355155L, 232062658L, 875559284L, 1938153847L, 
1259582061L, 1794260228L, -979527638L, -274172523L, -2794961L, 
-749000906L, 27858784L, 1697873315L, 63911617L, -1077719376L, 
-324064818L, 96288057L, -1290948277L, 381997818L, 1860027388L, 
702817343L, -1698341611L, 1969243692L, -94704894L, -1235339299L, 
1508352727L, 691420606L, -70387720L, -1675922469L, -1851306439L, 
-911480L, -1734088906L, -1109404303L, 1581551523L, -474401038L, 
1251933764L, 1920246023L, -1749165859L, -852947500L, -1791360774L, 
980392005L, 159408287L, -691172826L, 1482899120L, -1331682477L, 
-1469395343L, 805335968L, -1166748866L, -1454065079L, -1455403269L, 
1361661642L, 892047404L, -1844549585L, -1044391707L, -1757138532L, 
-1216422926L, -1071749523L, 1605464999L, -1638552114L, -1989088472L, 
1158848811L, -62629047L, -1504862120L, 969381126L, 1685012705L, 
-1308379021L, -1495526174L, 1804493908L, -1731638953L, 1437903181L, 
2008894692L, 1806135498L, 996990261L, 1934226319L, 1772251286L, 
1997666368L, -354606845L, 1391234337L, 1206590992L, 1362390510L, 
56254873L, 912305707L, -831621350L, 326094300L, 1388524511L, 
584922037L, 2033798476L, -2141901918L, -1497267459L, 1998937079L, 
-1925511906L, 310208472L, -2074969797L, -605892903L, 252895848L, 
-1491319914L, 1608869649L, -1493024573L, 1085661394L, -2021309084L, 
-680494937L, -1834791427L, 1397321716L, -1442539302L, 1583602213L, 
2107750207L, 1780053190L, 1139616080L, 813832563L, -1309072495L, 
-1905674816L, -419270754L, -1534504599L, 822550939L, -806415190L, 
-1741122868L, 1947392911L, 1662164933L, -784055428L, 887667666L, 
-1895531699L, 553175559L, -672720402L, -389057336L, 1480580043L, 
-942207447L, -1211579272L, -1253539418L, -1593941055L, 497651795L, 
1090098946L, 1501094452L, 515659703L, -1976170579L, 167589060L, 
1111177450L, -1729568939L, -1256869649L, 1816753910L, -1760992736L, 
-1244731421L, -748516223L, -1638479120L, -1949171314L, -958435591L, 
-786391925L, 1522468026L, 947888060L, -93645678L, -898673280L, 
311574548L, -792606936L, -902052294L, -2033544752L, -781239956L, 
2069676980L, -1509815790L, 272803808L, -1737872948L, -1886816032L, 
-872494046L, -1397640408L, 533944844L, 1227223868L, 1936666610L, 
-1080335632L, -188376508L, 9977432L, -904546502L, 810913776L, 
969679548L, 120452372L, 312458434L, -1951720352L, -1809586820L, 
-1454268464L, -1669607134L, 1176942248L, 172136332L, 1055810748L, 
1627536178L, 701924928L, 1255523508L, 838399048L, 803419578L, 
-436962800L, -1984389908L, -1859550892L, -368348398L, 760212896L, 
693189324L, -13305248L, -1863987262L, -386665688L, 441514412L, 
-265036484L, -1633281166L, 105770288L, 884991780L, 299173176L, 
959858394L, -1667866736L, 1627577084L, -207742060L, -1025346494L, 
-964168448L, 775522364L, -1839743664L, -1037835102L, 1712106312L, 
-1910284532L, 479411932L, -1906462894L, 96122496L, 137099348L, 
-1026997272L, 251521786L, -1185540784L, 188874540L, 1380524916L, 
292070290L, 2071835232L, -1406789748L, 104413024L, 1416168418L, 
-388457560L, -1956623156L, -490890756L, 645412786L, -26032656L, 
585196996L, -191547048L, 885198202L, -2129740368L, -503962692L, 
683741268L, -560074814L, 1144004640L, 206696636L, -2016929200L, 
2022844386L, 1917025896L, -210153908L, -708710148L, -1968130062L, 
-744315648L, 1160389492L, -1669259256L, -2143850054L, -1601610288L, 
-1949256724L, 611175316L, 1410456530L, -608721056L, -2043166388L, 
164311328L, -1853026430L, 772966120L, -704980756L, 1548179004L, 
1341043570L, 1032574576L, 448422948L, -1996853448L, -1850189670L, 
236187344L, -917451588L, -1723069804L, 1859379842L, 1918013632L, 
1748141372L, 976083088L, -1715415518L, -1446219256L, -1316455156L, 
1816003228L, -709675502L, -1390061184L, 2113526292L, 1130667560L, 
-1164189382L, 580725712L, -1017360788L, 268305204L, 526394002L, 
1588569440L, -631497396L, -973966368L, -765309022L, 1195163560L, 
792831884L, -235500868L, -1673952398L, 1266018544L, 156243012L, 
1713468760L, 930312250L, -146877584L, 511722556L, -512783596L, 
1091081666L, -2039018272L, 2131271548L, 1577330384L, 1554725538L, 
-710855640L, 271524108L, -923477060L, 1591782706L, 1722091456L, 
1508460084L, -2062855224L, 152366266L, -1875140720L, -518323732L, 
834856020L, 418388626L, 2001718048L, 779741644L, 95028192L, -1493545278L, 
-1121933784L, -1235403092L, -454365508L, -1339813390L, -1790783184L, 
-1527949148L, 265968312L, -1312782502L, -124052080L, -1110938244L, 
-366261996L, 532665666L, -1933315328L, 1020707772L, -1319128240L, 
-1577530078L, 1312766280L, -220451828L, 1920820316L, 1424590034L, 
892318720L, -122144940L, -669042200L, 1849525242L, 1194009296L, 
433171756L, 1709999348L, 1593213842L, 976082016L, -1247573748L, 
-1747369248L, -1726313118L, 1934067368L, -897606068L, 844866428L, 
89386802L, -511587728L, 1163215172L, -1023641640L, -250391430L, 
-2063037904L, 1102263996L, 182695764L, -370948542L, -648996960L, 
-1565776708L, 1280123344L, -2000277150L, 2033053672L, -48000052L, 
1240901372L, -1242840078L, -375772032L, 139659508L, 1304979685L, 
-1343183633L, -1168177112L, -221340538L, 982595251L, -1841104875L, 
473714L, 1762559680L, 1641429801L, 2069084571L, 954089068L, -140877190L, 
1756783535L, -353143111L, -339052338L, 79622684L, -1356260979L, 
-1128065033L, 218315520L, 1293697374L, 1603142187L, 1048587565L, 
-1108266598L, 1181519704L, -2056796479L, -262719117L, 922088084L, 
-833575134L, 27492919L, 1552189185L, -782598650L, 706217028L, 
-1791314571L, 1220466911L, -2249672L, 1845758998L, -664392669L, 
-943989787L, 910364162L, -1165368208L, 1253315097L, 1927330827L, 
-1469276420L, -692742358L, 899037535L, -545730327L, -307943426L, 
-1641026580L, 362733373L, 1023722247L, -224486672L, 825967246L, 
-535339845L, -1252935523L, -1160330166L, -1637704088L, 938201681L, 
-1487679165L, -1211479996L, -1393653006L, 49124039L, 1693692049L, 
564641302L, 2094611572L, 2002499333L, 1466881359L, -774428856L, 
-538661146L, -2010394605L, -1522931851L, -178485422L, 1644855200L, 
-1508111735L, 453619387L, 1248042252L, 286728346L, -1300539889L, 
-477691303L, 1110998766L, -2002723460L, -988094995L, -164513129L, 
-1325034144L, -899395266L, -3638773L, -455606643L, 1650418618L, 
352549368L, 976029089L, 667458387L, -25382284L, -351431678L, 
-786057577L, 757948513L, 1254915238L, -1940747100L, 662375765L, 
-1584224769L, -1117901672L, -112256586L, 569320003L, -579074171L, 
1069327394L, 2034951952L, -1891880263L, -1399052437L, 1012819548L, 
1393437578L, 73352063L, 140422857L, 1037346654L, 944602124L, 
-1667351587L, 1209581287L, -935084272L, -1237086674L, 82687195L, 
252074429L, 1618548522L, -1322045496L, -3554063L, 1298627171L, 
-1266672028L, 268428690L, 62755431L, -1632155087L, 255797110L, 
302042260L, 1517478565L, -253595729L, -930829208L, 1600995398L, 
1899226611L, 628552021L, 909067058L, 1791612672L, -238615575L, 
1292820059L, 1704460460L, -1509947718L, 85816431L, 903901689L, 
-908770162L, -2051510948L, 1239891405L, 2146500919L, -1471288384L, 
